输入的总个数为: 1006
需要进行编码的个数为: 44

**哈夫曼树的静态链表**
字符    权重        父亲   左儿子  右儿子
a       0.040755    74      -1      -1      
b       0.002982    52      -1      -1      
c       0.021869    68      -1      -1      
d       0.031809    71      -1      -1      
e       0.103380    81      -1      -1      
f       0.011928    64      -1      -1      
g       0.007952    60      -1      -1      
h       0.046720    75      -1      -1      
i       0.055666    76      -1      -1      
j       0.000994    44      -1      -1      
k       0.002982    53      -1      -1      
l       0.016899    66      -1      -1      
m       0.027833    70      -1      -1      
n       0.045726    75      -1      -1      
o       0.073559    79      -1      -1      
p       0.002982    53      -1      -1      
q       0.000994    44      -1      -1      
r       0.025845    69      -1      -1      
s       0.038767    73      -1      -1      
t       0.067594    78      -1      -1      
u       0.037773    73      -1      -1      
v       0.008946    62      -1      -1      
w       0.010934    63      -1      -1      
y       0.032803    72      -1      -1      
A       0.001988    48      -1      -1      
B       0.000994    45      -1      -1      
C       0.007952    60      -1      -1      
D       0.000994    45      -1      -1      
F       0.000994    46      -1      -1      
I       0.002982    54      -1      -1      
N       0.000994    46      -1      -1      
O       0.001988    48      -1      -1      
R       0.001988    49      -1      -1      
S       0.000994    47      -1      -1      
T       0.006958    59      -1      -1      
W       0.001988    49      -1      -1      
Y       0.003976    55      -1      -1      
        0.207753    84      -1      -1      
,       0.006958    59      -1      -1      
.       0.018887    67      -1      -1      
!       0.002982    54      -1      -1      
?       0.000994    47      -1      -1      
"       0.007952    61      -1      -1      
;       0.001988    50      -1      -1      
#       0.001988    50      9       16      
#       0.001988    51      25      27      
#       0.001988    51      28      30      
#       0.001988    52      33      41      
#       0.003976    55      24      31      
#       0.003976    56      32      35      
#       0.003976    56      43      44      
#       0.003976    57      45      46      
#       0.004970    57      47      1       
#       0.005964    58      10      15      
#       0.005964    58      29      40      
#       0.007952    61      36      48      
#       0.007952    62      49      50      
#       0.008946    63      51      52      
#       0.011928    64      53      54      
#       0.013917    65      34      38      
#       0.015905    65      6       26      
#       0.015905    66      42      55      
#       0.016899    67      56      21      
#       0.019881    68      57      22      
#       0.023857    69      5       58      
#       0.029821    70      59      60      
#       0.032803    71      61      11      
#       0.035785    72      62      39      
#       0.041750    74      63      2       
#       0.049702    76      64      17      
#       0.057654    77      12      65      
#       0.064612    77      66      3       
#       0.068588    78      23      67      
#       0.076541    79      20      18      
#       0.082505    80      0       68      
#       0.092445    80      13      7       
#       0.105368    81      69      8       
#       0.122266    82      70      71      
#       0.136183    82      19      72      
#       0.150099    83      73      14      
#       0.174950    83      74      75      
#       0.208748    84      4       76      
#       0.258449    85      78      77      
#       0.325050    85      80      79      
#       0.416501    86      37      81      
#       0.583499    86      82      83      
#       1.000000    -1      84      85      

**哈夫曼编码表**
a     11000
b     110010011
c     110011
d     10111
e     010
f     011000
g     1010110
h     11011
i     0111
j     1001100110
k     01100100
l     101101
m     10100
n     11010
o     1111
p     01100101
q     1001100111
r     01101
s     11101
t     1000
u     11100
v     1001101
w     1100101
y     10010
A     101100110
B     1100100000
C     1010111
D     1100100001
F     1100100010
I     01100110
N     1100100011
O     101100111
R     100110000
S     1100100100
T     1010100
W     100110001
Y     10110010
      00
,     1010101
.     100111
!     01100111
?     1100100101
"     1011000
;     100110010

平均编码长度: 4.297216
文件压缩率: 53.715210%
